// OS/8 boot loader
S23
6007
6744
1032
6746
6743
1032
5031
0000
.
G23

// High-Speed RIM Loader
S7756
6041
6011
5357
6016
7106
7006
7510
5374
7006
6011
5367
6016
7420
3776
3376
5357
0000
.
G7756

// High/Low Speed Binary Loader
S7612
0000
0000
0000
0000
0000
1212
7402
7402
7402
7402
7402
7402
0000
3212
4260
1300
7750
5237
2212
7040
5227
1212
7640
5230
1214
0274
1341
7510
2226
7750
5626
1214
0256
1257
3213
5230
0070
6201
0000
0000
6031
5262
6036
3214
1214
5660
6011
5270
6016
5265
0300
4343
7041
1215
7402
6032
6014
6214
1257
3213
7604
7700
1353
1352
3261
4226
5313
3215
1213
3336
1214
3376
4260
3355
4226
5275
4343
7420
5336
3216
1376
1355
1215
5315
6201
3616
2216
7600
5332
0000
1376
7106
7006
7006
1355
5743
5262
0006
0000
0000
.
G7701
